-0,20 -0,88
-0,44 -0,08
0,36 -0,08
-0,20 -0,12
-0,16 0,76
0,04 -0,36
0,00 -0,16
-0,68 -0,16
0,08 0,32
-0,52 -0,40
-0,32 -0,56
-0,64 0,52
0,92 0,12
0,32 -0,12
0,80 0,04
0,04 -0,48
0,56 -0,76
-1,00 -0,40
-0,56 -0,96
-0,28 0,44
-0,88 -0,08
0,04 -0,64
0,68 0,44
0,76 0,60
-0,68 -0,36
0,00 0,08
0,80 -0,24
0,84 -0,04
0,60 -0,48
0,00 0,72
0,24 -0,24
0,00 0,88
0,04 -0,80
0,24 0,76
0,04 -1,00
0,80 -0,36
-1,00 0,76
0,72 0,76
0,28 0,48
0,56 -0,96
0,32 -0,80
0,84 0,32
-0,40 -0,84
-0,96 0,88
0,48 0,96
0,84 -0,12
0,24 -0,72
